-2.500000000000000000e+00 0.000000000000000000e+00
-2.500000000000000000e+00 2.500000000000000000e-01
-2.500000000000000000e+00 5.000000000000000000e-01
-2.500000000000000000e+00 7.500000000000000000e-01
-2.500000000000000000e+00 1.000000000000000000e+00
-2.500000000000000000e+00 1.250000000000000000e+00
-2.500000000000000000e+00 1.500000000000000000e+00
-2.500000000000000000e+00 1.750000000000000222e+00
-2.500000000000000000e+00 2.000000000000000000e+00
-2.500000000000000000e+00 2.250000000000000000e+00
-2.500000000000000000e+00 2.500000000000000000e+00
-2.500000000000000000e+00 2.750000000000000000e+00
-2.500000000000000000e+00 3.000000000000000000e+00
-2.500000000000000000e+00 3.250000000000000000e+00
-2.500000000000000000e+00 3.500000000000000444e+00
-2.500000000000000000e+00 3.750000000000000000e+00
-2.500000000000000000e+00 4.000000000000000000e+00
-2.500000000000000000e+00 4.250000000000000000e+00
-2.500000000000000000e+00 4.500000000000000000e+00
-2.500000000000000000e+00 4.750000000000000000e+00
-2.500000000000000000e+00 5.000000000000000000e+00
-2.500000000000000000e+00 5.250000000000000000e+00
-2.500000000000000000e+00 5.500000000000000000e+00
-2.500000000000000000e+00 5.750000000000000000e+00
-2.500000000000000000e+00 6.000000000000000000e+00
-2.500000000000000000e+00 6.250000000000000000e+00
-2.500000000000000000e+00 6.500000000000000000e+00
-2.500000000000000000e+00 6.750000000000000000e+00
-2.500000000000000000e+00 7.000000000000000888e+00
-2.500000000000000000e+00 7.249999999999999112e+00
-2.500000000000000000e+00 7.500000000000000000e+00
-2.500000000000000000e+00 7.750000000000000000e+00
-2.500000000000000000e+00 8.000000000000000000e+00
-2.500000000000000000e+00 8.250000000000000000e+00
-2.500000000000000000e+00 8.500000000000000000e+00
-2.500000000000000000e+00 8.750000000000000000e+00
-2.500000000000000000e+00 9.000000000000000000e+00
-2.500000000000000000e+00 9.250000000000000000e+00
-2.500000000000000000e+00 9.500000000000000000e+00
-2.500000000000000000e+00 9.750000000000000000e+00
-2.500000000000000000e+00 1.000000000000000000e+01
-2.500000000000000000e+00 1.025000000000000000e+01
-2.500000000000000000e+00 1.050000000000000000e+01
-2.500000000000000000e+00 1.075000000000000000e+01
-2.500000000000000000e+00 1.100000000000000000e+01
-2.500000000000000000e+00 1.125000000000000000e+01
-2.500000000000000000e+00 1.150000000000000000e+01
-2.500000000000000000e+00 1.175000000000000000e+01
-2.500000000000000000e+00 1.200000000000000000e+01
-2.500000000000000000e+00 1.225000000000000000e+01
-2.500000000000000000e+00 1.250000000000000000e+01
-2.500000000000000000e+00 1.275000000000000000e+01
-2.500000000000000000e+00 1.300000000000000000e+01
-2.500000000000000000e+00 1.325000000000000000e+01
-2.500000000000000000e+00 1.350000000000000000e+01
-2.500000000000000000e+00 1.375000000000000178e+01
-2.500000000000000000e+00 1.400000000000000178e+01
-2.500000000000000000e+00 1.425000000000000178e+01
-2.500000000000000000e+00 1.449999999999999822e+01
-2.500000000000000000e+00 1.475000000000000000e+01
-2.500000000000000000e+00 1.500000000000000000e+01
-2.500000000000000000e+00 1.525000000000000000e+01
-2.500000000000000000e+00 1.550000000000000000e+01
-2.500000000000000000e+00 1.575000000000000000e+01
-2.500000000000000000e+00 1.600000000000000000e+01
-2.500000000000000000e+00 1.625000000000000000e+01
-2.500000000000000000e+00 1.650000000000000000e+01
-2.500000000000000000e+00 1.675000000000000000e+01
-2.500000000000000000e+00 1.700000000000000000e+01
-2.500000000000000000e+00 1.725000000000000000e+01
-2.500000000000000000e+00 1.750000000000000000e+01
-2.500000000000000000e+00 1.775000000000000000e+01
-2.500000000000000000e+00 1.800000000000000000e+01
-2.500000000000000000e+00 1.825000000000000000e+01
-2.500000000000000000e+00 1.850000000000000000e+01
-2.500000000000000000e+00 1.875000000000000000e+01
-2.500000000000000000e+00 1.900000000000000000e+01
-2.500000000000000000e+00 1.925000000000000000e+01
-2.500000000000000000e+00 1.950000000000000000e+01
-2.500000000000000000e+00 1.975000000000000000e+01
-2.500000000000000000e+00 2.000000000000000000e+01
-2.500000000000000000e+00 2.025000000000000000e+01
-2.500000000000000000e+00 2.050000000000000000e+01
-2.500000000000000000e+00 2.075000000000000000e+01
-2.500000000000000000e+00 2.100000000000000000e+01
-2.500000000000000000e+00 2.125000000000000000e+01
-2.500000000000000000e+00 2.150000000000000000e+01
-2.500000000000000000e+00 2.175000000000000000e+01
-2.500000000000000000e+00 2.200000000000000000e+01
-2.500000000000000000e+00 2.225000000000000000e+01
-2.500000000000000000e+00 2.250000000000000000e+01
-2.500000000000000000e+00 2.275000000000000000e+01
-2.500000000000000000e+00 2.300000000000000000e+01
-2.500000000000000000e+00 2.325000000000000000e+01
-2.500000000000000000e+00 2.350000000000000000e+01
-2.500000000000000000e+00 2.375000000000000000e+01
-2.500000000000000000e+00 2.400000000000000000e+01
-2.500000000000000000e+00 2.425000000000000000e+01
-2.500000000000000000e+00 2.450000000000000000e+01
-2.500000000000000000e+00 2.475000000000000000e+01
-2.500000000000000000e+00 2.500000000000000000e+01
-2.499984769144475649e+00 2.500872662853810269e+01
-2.498519565352727678e+00 2.542411156310117804e+01
-2.494078333565229677e+00 2.584820245560306518e+01
-2.486676521096863546e+00 2.627225200791394855e+01
-2.476314488701525374e+00 2.669623955245680946e+01
-2.462992741410069630e+00 2.712014442467694053e+01
-2.446711928505642675e+00 2.754394596404890549e+01
-2.427472843492116006e+00 2.796762351508349553e+01
-2.405276424055350581e+00 2.839115642833470687e+01
-2.380123752017494265e+00 2.881452406140582312e+01
-2.352016053284320840e+00 2.923770577995562903e+01
-2.320954697785402754e+00 2.966068095870422994e+01
-2.286941199407390712e+00 3.008342898243818198e+01
-2.249977215920196283e+00 3.050592924701515685e+01
-2.210064548896246706e+00 3.092816116036834728e+01
-2.167205143622600083e+00 3.135010414350997365e+01
-2.121401089006230922e+00 3.177173763153427899e+01
-2.072654617472118765e+00 3.219304107461995557e+01
-2.020968104854525382e+00 3.261399393903150212e+01
-1.966344070281157652e+00 3.303457570812020805e+01
-1.908785176050389332e+00 3.345476588332401491e+01
-1.848294227501534603e+00 3.387454398516650400e+01
-1.784874172878088139e+00 3.429388955425530838e+01
-1.718528103184012057e+00 3.471278215227900432e+01
-1.649259252033169254e+00 3.513120136300324958e+01
-1.577070995491637539e+00 3.554912679326601932e+01
-1.501966851913192791e+00 3.596653807397152747e+01
-1.423950481767839449e+00 3.638341486108276968e+01
-1.343025687463385243e+00 3.679973683661332018e+01
-1.259196413160153405e+00 3.721548370961735230e+01
-1.172466744578692044e+00 3.763063521717887738e+01
-1.082840908800701829e+00 3.804517112539908652e+01
-9.903232740629683839e-01 3.845907123038262654e+01
-8.949183495444907877e-01 3.887231535922233405e+01
-7.966307851466831735e-01 3.928488337098234950e+01
-6.954653712667870913e-01 3.969675515767982432e+01
-5.914270385643392025e-01 4.010791064526492988e+01
-4.845208577209110246e-01 4.051832979459927486e+01
-3.747520391929155537e-01 4.092799260243254622e+01
-2.621259329577356745e-01 4.133687910237737384e+01
-1.466480282528781487e-01 4.174496936588269591e+01
-2.832395330848580528e-02 4.215224350320477242e+01
9.284052492691685643e-02 4.255868166437664968e+01
2.168395010676231749e-01 4.296426404017584133e+01
3.436669315784759426e-01 4.336897086308951543e+01
4.733166350694224533e-01 4.377278240827806144e+01
6.057822925968419092e-01 4.417567899453649005e+01
7.410574479714457929e-01 4.457764098525353802e+01
8.791355080730203220e-01 4.497864878936892552e+01
1.020009743171726768e+00 4.537868286232801296e+01
1.163673287256071998e+00 4.577772370703439719e+01
1.310119138367594971e+00 4.617575187480027665e+01
1.459340158942119547e+00 4.657274796629432245e+01
1.611329076157633544e+00 4.696869263248711235e+01
1.766078482288730989e+00 4.736356657559420569e+01
1.923580835067677075e+00 4.775735055001668172e+01
2.083828458051983912e+00 4.815002536327916260e+01
2.246813540998594760e+00 4.854157187696525710e+01
2.412528140244507568e+00 4.893197100765028296e+01
2.580964179093951927e+00 4.932120372783138862e+01
2.752113448212006652e+00 4.970925106685488970e+01
2.925967606024746370e+00 5.009609411184091954e+01
3.102518179125800746e+00 5.048171400860526603e+01
3.281756562689318812e+00 5.086609196257817445e+01
3.463674020889345506e+00 5.124920923972045017e+01
3.648261687325624614e+00 5.163104716743648481e+01
3.835510565455675813e+00 5.201158713548435486e+01
4.025411529033380731e+00 5.239081059688292896e+01
4.217955322553693875e+00 5.276869906881570671e+01
4.413132561703720924e+00 5.314523413353161629e+01
4.610933733820196778e+00 5.352039743924287762e+01
4.811349198353058298e+00 5.389417070101923457e+01
5.014369187335279143e+00 5.426653570167918872e+01
5.219983805859072845e+00 5.463747429267803568e+01
5.428183032557953425e+00 5.500696839499203605e+01
5.638956720095356978e+00 5.537500000000000711e+01
5.852294595659105703e+00 5.574155117036069385e+01
6.068186261462154008e+00 5.610660404088725528e+01
6.286621195249239236e+00 5.647014081941767216e+01
6.507588750809865985e+00 5.683214378768231256e+01
6.731078158497112440e+00 5.719259530216718446e+01
6.957078525752598885e+00 5.755147779497406901e+01
7.185578837637194738e+00 5.790877377467646170e+01
7.416567957368092934e+00 5.826446582717244382e+01
7.650034626861457632e+00 5.861853661653315584e+01
7.885967467281229659e+00 5.897096888584788132e+01
8.124354979593569226e+00 5.932174545806496724e+01
8.365185545127470590e+00 5.967084923682921271e+01
8.608447426140946490e+00 6.001826320731494491e+01
8.854128766393078109e+00 6.036397043705534315e+01
9.102217591721958101e+00 6.070795407676776279e+01
9.352701810628218482e+00 6.105019736117485252e+01
9.605569214864429384e+00 6.139068360982182782e+01
9.860807480030091554e+00 6.172939622788929626e+01
1.011840416617217819e+01 6.206631870700201148e+01
1.037834671839162581e+01 6.240143462603372626e+01
1.064062246745523943e+01 6.273472765190737022e+01
1.090521863041295703e+01 6.306618154039098556e+01
1.117212231122109145e+01 6.339578013688969804e+01
1.144132050137081968e+01 6.372350737723292013e+01
1.170720237933575625e+01 6.404265251295333883e+01
1.169331066400330776e+01 6.402583044580983085e+01
1.179791824167121561e+01 6.415334135983160024e+01
1.188047019250079295e+01 6.425938400999017119e+01
1.196040664780900542e+01 6.436741192930354316e+01
1.203767988389833832e+01 6.447736062289607162e+01
1.211224376706754668e+01 6.458916444915058719e+01
1.218405378115446780e+01 6.470275665889778338e+01
1.225306705411308883e+01 6.481806943526693487e+01
1.231924238360896062e+01 6.493503393417380209e+01
1.238254026161791899e+01 6.505358032542204683e+01
1.244292289801314411e+01 6.517363783439333247e+01
1.250035424312659948e+01 6.529513478430104101e+01
1.255480000927149398e+01 6.541799863898297929e+01
1.260622769121273201e+01 6.554215604620692659e+01
1.265460658557312357e+01 6.566753288146327350e+01
1.269990780916395856e+01 6.579405429221887402e+01
1.274210431622891448e+01 6.592164474260576412e+01
1.278117091459090204e+01 6.605022805851749013e+01
1.281708428069224759e+01 6.617972747308641601e+01
1.284982297351939629e+01 6.631006567251536410e+01
1.287936744740364148e+01 6.644116484223553698e+01
1.290570006369026146e+01 6.657294671336326530e+01
1.292880510126914828e+01 6.670533260942814024e+01
1.294866876596065275e+01 6.683824349334456372e+01
1.296527919875099499e+01 6.697160001459845091e+01
1.297862648287231480e+01 6.710532255662111822e+01
1.298870264972320676e+01 6.723933128432200590e+01
1.299550168362612901e+01 6.737354619175187054e+01
1.299901952541888761e+01 6.750788714986794048e+01
1.299925407487802964e+01 6.764227395437259815e+01
1.299620519197274149e+01 6.777662637359699715e+01
1.298987469694842467e+01 6.791086419640102179e+01
1.298026636923998822e+01 6.804490728006095424e+01
1.296738594521544918e+01 6.817867559811635658e+01
1.295124111475119122e+01 6.831208928814741910e+01
1.293184151664097037e+01 6.844506869945450944e+01
1.290919873284133779e+01 6.857753444061130210e+01
1.288332628155698245e+01 6.870940742686308056e+01
1.285423960917009367e+01 6.884060892734186154e+01
1.282195608101855910e+01 6.897106061207034600e+01
1.278649497102847299e+01 6.910068459872670132e+01
1.274787745020723406e+01 6.922940349914171065e+01
1.270612657400404188e+01 6.935714046550104683e+01
1.266126726854527007e+01 6.948381923622517320e+01
1.261332631575309549e+01 6.960936418149896099e+01
1.256233233735614618e+01 6.973370034842420750e+01
1.250831577780168580e+01 6.985675350576821074e+01
1.245130888607976871e+01 6.997845018828104457e+01
1.239134569646984652e+01 7.009871774055605442e+01
1.232846200822160299e+01 7.021748436040658703e+01
1.226269536418214301e+01 7.033467914173320423e+01
1.219408502838201080e+01 7.045023211685639808e+01
1.212267196259395874e+01 7.056407429828833244e+01
1.204849880187780897e+01 7.067613771991995009e+01
1.197160982912638616e+01 7.078635547759829194e+01
1.189205094862782985e+01 7.089466176906948647e+01
1.180986965865981198e+01 7.100099193326396119e+01
1.172511502313209952e+01 7.110528248890048530e+01
1.163783764229421180e+01 7.120747117238595081e+01
1.154808962252623772e+01 7.130749697498788464e+01
1.145592454523030668e+01 7.140530017925770778e+01
1.136139743484112685e+01 7.150082239468369494e+01
1.126456472597549840e+01 7.159400659255099697e+01
1.116548422973967014e+01 7.168479713998900138e+01
1.106421509921494106e+01 7.177313983318528301e+01
1.096081779414186386e+01 7.185898192974653398e+01
1.085535404482464550e+01 7.194227218018680503e+01
1.074788681527726908e+01 7.202296085852417207e+01
1.063848026563207938e+01 7.210099979196861852e+01
1.052719971383521269e+01 7.217634238968196314e+01
1.041411159665034702e+01 7.224894367059356171e+01
1.029928342999474467e+01 7.231876029025492869e+01
1.018278376863077916e+01 7.238575056671716368e+01
1.006468216523708925e+01 7.244987450541620433e+01
9.945049128884832612e+00 7.251109382305000395e+01
9.823956082941577961e+00 7.256937197043478704e+01
9.701475322430640702e+00 7.262467415432554674e+01
9.577679970869263926e+00 7.267696735818820741e+01
9.452643936612437514e+00 7.272622036191133077e+01
9.326441868728092999e+00 7.277240376044503023e+01
9.199149112429882535e+00 7.281548998135659190e+01
9.070841664095031120e+00 7.285545330129147601e+01
8.941596125892502300e+00 7.289226986133094499e+01
8.811489660049989681e+00 7.292591768123621421e+01
8.680599942786576761e+00 7.295637667257115311e+01
8.549005117938666132e+00 7.298362865069539396e+01
8.416783750306226608e+00 7.300765734562101272e+01
8.284014778748066021e+00 7.302844841172607460e+01
8.150777469053489099e+00 7.304598943631917507e+01
8.017151366619549080e+00 7.306026994705017330e+01
7.883216248960457584e+00 7.307128141816225764e+01
7.749052078078552341e+00 7.307901727558216010e+01
7.614738952726134436e+00 7.308347290084488179e+01
7.480357060583992634e+00 7.308464563385108193e+01
7.345986630388081196e+00 7.308253477445518342e+01
7.211707884031513416e+00 7.307714158288338524e+01
7.077600988670245563e+00 7.306846927898129707e+01
6.943746008861552355e+00 7.305652304029156596e+01
6.810222858764023002e+00 7.304130999896285914e+01
6.677111254427249065e+00 7.302283923749175187e+01
6.514379774790589828e+00 7.299600187481387081e+01
6.544490666199624052e+00 7.300112178330039114e+01
6.150567564994697811e+00 7.293166251223360064e+01
5.756644463789815092e+00 7.286220324116683855e+01
5.362721362584974116e+00 7.279274397010007647e+01
4.968798261380091397e+00 7.272328469903330017e+01
4.574875160175164268e+00 7.265382542796650966e+01
4.180952058970281549e+00 7.258436615689974758e+01
3.787028957765441017e+00 7.251490688583298549e+01
3.393105856560514777e+00 7.244544761476619499e+01
2.999182755355631613e+00 7.237598834369943290e+01
2.605259654150791526e+00 7.230652907263267082e+01
2.211336552945864842e+00 7.223706980156588031e+01
1.817413451740982122e+00 7.216761053049911823e+01
1.423490350536141369e+00 7.209815125943235614e+01
1.029567249331214907e+00 7.202869198836556563e+01
6.356441481263322979e-01 7.195923271729880355e+01
2.417210469214913782e-01 7.188977344623204147e+01
-1.522020542833918411e-01 7.182031417516526517e+01
-5.461251554883170822e-01 7.175085490409847466e+01
-9.400482566932003570e-01 7.168139563303171258e+01
-1.333971357898041221e+00 7.161193636196495049e+01
-1.727894459102968128e+00 7.154247709089815999e+01
-2.121817560307851736e+00 7.147301781983139790e+01
-2.515740661512690934e+00 7.140355854876463582e+01
-2.909663762717572766e+00 7.133409927769785952e+01
-3.303586863922500783e+00 7.126464000663106901e+01
-3.697509965127384390e+00 7.119518073556430693e+01
-4.091433066332224477e+00 7.112572146449754484e+01
-4.485356167537150718e+00 7.105626219343075434e+01
-4.879279268742032549e+00 7.098680292236399225e+01
-5.273202369946873524e+00 7.091734365129723017e+01
-5.667125471151800653e+00 7.084788438023043966e+01
-6.061048572356684261e+00 7.077842510916367758e+01
-6.454971673561524348e+00 7.070896583809691549e+01
-6.848894774766407956e+00 7.063950656703013919e+01
-7.242817875971334196e+00 7.057004729596334869e+01
-7.636740977176216028e+00 7.050058802489658660e+01
-8.030664078381056115e+00 7.043112875382982452e+01
-8.424587179585980579e+00 7.036166948276303401e+01
-8.818510280790865963e+00 7.029221021169627193e+01
-9.212433381995706938e+00 7.022275094062950984e+01
-9.606356483200633178e+00 7.015329166956271933e+01
-1.000027958440551679e+01 7.008383239849595725e+01
-1.039420268561035776e+01 7.001437312742919516e+01
-1.078812578681524137e+01 6.994491385636241887e+01
-1.118204888802016761e+01 6.987545458529562836e+01
-1.157597198922505122e+01 6.980599531422886628e+01
-1.196989509042989042e+01 6.973653604316210419e+01
-1.236381819163481310e+01 6.966707677209531369e+01
-1.275774129283969849e+01 6.959761750102855160e+01
-1.315166439404453946e+01 6.952815822996178952e+01
-1.354558749524946570e+01 6.945869895889499901e+01
-1.393951059645434931e+01 6.938923968782823692e+01
-1.433343369765919029e+01 6.931978041676147484e+01
-1.472735679886407389e+01 6.925032114569469854e+01
-1.512127990006900013e+01 6.918086187462790804e+01
-1.551520300127388374e+01 6.911140260356114595e+01
-1.590912610247872294e+01 6.904194333249438387e+01
-1.630304920368364563e+01 6.897248406142759336e+01
-1.669697230488852924e+01 6.890302479036083128e+01
-1.709089540609337021e+01 6.883356551929406919e+01
-1.748481850729829645e+01 6.876410624822727868e+01
-1.787874160850318006e+01 6.869464697716051660e+01
-1.827266470970802104e+01 6.862518770609375451e+01
-1.866658781091290464e+01 6.855572843502697822e+01
-1.906051091211783088e+01 6.848626916396018771e+01
-1.945443401332271449e+01 6.841680989289342563e+01
-1.984835711452755547e+01 6.834735062182666354e+01
-2.024228021573248171e+01 6.827789135075987303e+01
-2.063620331693736532e+01 6.820843207969311095e+01
-2.103012641814220629e+01 6.813897280862634886e+01
-2.142404951934712898e+01 6.806951353755955836e+01
-2.181797262055201259e+01 6.800005426649279627e+01
-2.221189572175685356e+01 6.793059499542603419e+01
-2.260581882296177980e+01 6.786113572435924368e+01
-2.299974192416665986e+01 6.779167645329248160e+01
-2.339366502537150083e+01 6.772221718222571951e+01
-2.378758812657638444e+01 6.765275791115894322e+01
-2.418151122778131068e+01 6.758329864009215271e+01
-2.457543432898619429e+01 6.751383936902539062e+01
-2.496935743019103526e+01 6.744438009795862854e+01
-2.536328053139596150e+01 6.737492082689183803e+01
-2.575720363260084511e+01 6.730546155582507595e+01
-2.615112673380568609e+01 6.723600228475831386e+01
-2.654504983501056969e+01 6.716654301369153757e+01
-2.693897293621549593e+01 6.709708374262474706e+01
-2.733289603742037954e+01 6.702762447155798498e+01
-2.772681913862522052e+01 6.695816520049122289e+01
-2.812074223983014676e+01 6.688870592942443238e+01
-2.851466534103503037e+01 6.681924665835767030e+01
-2.890858844223987134e+01 6.674978738729090821e+01
-2.930251154344479758e+01 6.668032811622411771e+01
-2.969643464464968119e+01 6.661086884515735562e+01
-3.009035774585452216e+01 6.654140957409059354e+01
-3.048428084705940577e+01 6.647195030302381724e+01
-3.087820394826432846e+01 6.640249103195702673e+01
-3.127212704946920496e+01 6.633303176089026465e+01
-3.166605015067404949e+01 6.626357248982350256e+01
-3.205997325187897928e+01 6.619411321875671206e+01
-3.245389635308386289e+01 6.612465394768994997e+01
-3.284781945428870387e+01 6.605519467662318789e+01
-3.284781945428870387e+01 6.605519467662318789e+01
-3.247161555488661122e+01 6.622514453473201002e+01
-3.209541165548447594e+01 6.639509439284083214e+01
-3.171920775608229803e+01 6.656504425094968269e+01
-3.134300385668019118e+01 6.673499410905851903e+01
-3.096679995727806656e+01 6.690494396716734116e+01
-3.059059605787589931e+01 6.707489382527619171e+01
-3.021439215847376758e+01 6.724484368338502804e+01
-2.983818825907165717e+01 6.741479354149385017e+01
-2.946198435966952189e+01 6.758474339960267230e+01
-2.908578046026736530e+01 6.775469325771152285e+01
-2.870957656086525134e+01 6.792464311582035918e+01
-2.833337266146311606e+01 6.809459297392918131e+01
-2.795716876206095947e+01 6.826454283203803186e+01
-2.758096486265884195e+01 6.843449269014686820e+01
-2.720476096325670312e+01 6.860444254825569033e+01
-2.682855706385455363e+01 6.877439240636452666e+01
-2.645235316445242191e+01 6.894434226447336300e+01
-2.607614926505029729e+01 6.911429212258219934e+01
-2.569994536564816201e+01 6.928424198069102147e+01
-2.532374146624601607e+01 6.945419183879985781e+01
-2.494753756684388790e+01 6.962414169690870835e+01
-2.457133366744175262e+01 6.979409155501753048e+01
-2.419512976803961379e+01 6.996404141312636682e+01
-2.381892586863747852e+01 7.013399127123520316e+01
-2.344272196923534324e+01 7.030394112934405371e+01
-2.306651806983320796e+01 7.047389098745286162e+01
-2.269031417043107979e+01 7.064384084556169796e+01
-2.231411027102893740e+01 7.081379070367053430e+01
-2.193790637162680213e+01 7.098374056177935643e+01
-2.156170247222467751e+01 7.115369041988819276e+01
-2.118549857282253157e+01 7.132364027799704331e+01
-2.080929467342039629e+01 7.149359013610587965e+01
-2.043309077401827523e+01 7.166353999421471599e+01
-2.005688687461612574e+01 7.183348985232355233e+01
-1.968068297521398691e+01 7.200343971043237445e+01
-1.930447907581186939e+01 7.217338956854119658e+01
-1.892827517640973412e+01 7.234333942665003292e+01
-1.855207127700757752e+01 7.251328928475888347e+01
-1.817586737760544224e+01 7.268323914286770560e+01
-1.779966347820333183e+01 7.285318900097654193e+01
-1.742345957880117169e+01 7.302313885908539248e+01
-1.704725567939903641e+01 7.319308871719421461e+01
-1.667105177999693311e+01 7.336303857530305095e+01
-1.629484788059476230e+01 7.353298843341188729e+01
-1.591864398119262702e+01 7.370293829152070941e+01
-1.554244008179052727e+01 7.387288814962954575e+01
-1.516623618238839200e+01 7.404283800773836788e+01
-1.479003228298621764e+01 7.421278786584723264e+01
-1.441382838358408058e+01 7.438273772395605477e+01
-1.401990528237923961e+01 7.445219699502281685e+01
-1.362598218117431337e+01 7.452165626608960736e+01
-1.323205907996943154e+01 7.459111553715636944e+01
-1.283813597876459411e+01 7.466057480822313153e+01
-1.244421287755966610e+01 7.473003407928992203e+01
-1.205028977635478249e+01 7.479949335035668412e+01
-1.165636667514994151e+01 7.486895262142344620e+01
-1.126244357394505791e+01 7.493841189249022250e+01
-1.086852047274013167e+01 7.500787116355701301e+01
-1.047459737153524806e+01 7.507733043462377509e+01
-1.008067427033040708e+01 7.514678970569053718e+01
-9.686751169125480843e+00 7.521624897675732768e+01
-9.292828067920599011e+00 7.528570824782408977e+01
-8.898904966715759812e+00 7.535516751889085185e+01
-8.504981865510833572e+00 7.542462678995764236e+01
-8.111058764305951740e+00 7.549408606102440444e+01
-7.717135663101109877e+00 7.556354533209116653e+01
-7.323212561896226269e+00 7.563300460315794282e+01
-6.929289460691299141e+00 7.570246387422473333e+01
-6.535366359486415533e+00 7.577192314529149542e+01
-6.141443258281575446e+00 7.584138241635825750e+01
-5.747520157076649205e+00 7.591084168742504801e+01
-5.353597055871767374e+00 7.598030095849181009e+01
-4.959673954666926399e+00 7.604976022955857218e+01
-4.565750853461999270e+00 7.611921950062536268e+01
-4.171827752257115662e+00 7.618867877169212477e+01
-3.777904651052276463e+00 7.625813804275888685e+01
-3.383981549847394632e+00 7.632759731382566315e+01
-2.990058448642466615e+00 7.639705658489245366e+01
-2.596135347437583007e+00 7.646651585595921574e+01
-2.202212246232742476e+00 7.653597512702597783e+01
-1.808289145027816236e+00 7.660543439809276833e+01
-1.414366043822934182e+00 7.667489366915953042e+01
-1.020442942618093873e+00 7.674435294022629250e+01
-6.265198414132100435e-01 7.681381221129306880e+01
-2.325967402082836921e-01 7.688327148235985931e+01
1.613263609965990275e-01 7.695273075342662139e+01
5.552494622014398917e-01 7.702219002449338348e+01
9.491725634063662431e-01 7.709164929556017398e+01
1.343095664611249074e+00 7.716110856662693607e+01
1.737018765816089605e+00 7.723056783769369815e+01
2.130941867021015845e+00 7.730002710876048866e+01
2.524864968225899009e+00 7.736948637982725074e+01
2.918788069430739096e+00 7.743894565089401283e+01
3.312711170635665781e+00 7.750840492196080334e+01
3.706634271840548944e+00 7.757786419302756542e+01
4.100557373045389475e+00 7.764732346409432751e+01
4.494480474250272195e+00 7.771678273516110380e+01
4.888403575455198435e+00 7.778624200622789431e+01
5.282326676660081155e+00 7.785570127729465639e+01
5.676249777864922130e+00 7.792516054836141848e+01
5.706360669273956354e+00 7.793028045684793881e+01
5.929434537208827294e+00 7.796662114272680810e+01
6.183556690942541678e+00 7.800188350553524685e+01
6.438464522946736324e+00 7.803092658443550533e+01
6.694005848036090889e+00 7.805373304011590108e+01
6.950028102816816045e+00 7.807028925665626673e+01
7.206378436770243923e+00 7.808058534965695685e+01
7.462903803507860090e+00 7.808461517214003322e+01
7.719451052143006642e+00 7.808237631821911862e+01
7.975867018724940749e+00 7.807387012453573050e+01
8.231998617680977404e+00 7.805910166946138418e+01
8.487692933212114710e+00 7.803807977006557905e+01
8.742797310585958215e+00 7.801081697685187066e+01
8.997159447275549837e+00 7.797732956626502698e+01
9.250627483886841418e+00 7.793763753097353231e+01
9.503050094821478666e+00 7.789176456793369141e+01
9.754276578621867699e+00 7.783973806424198472e+01
1.000415694794273591e+01 7.778158908078442835e+01
1.025254201909676155e+01 7.771735233369251716e+01
1.049928350111997233e+01 7.764706617361713370e+01
1.074423408430470417e+01 7.757077256283233169e+01
1.098724752814658601e+01 7.748851705018304870e+01
1.122817874865318366e+01 7.740034874389137087e+01
1.146688390496163557e+01 7.730632028223816121e+01
1.170322048521511071e+01 7.720648780213674911e+01
1.193704739164504147e+01 7.710091090561806482e+01
1.216822502480943768e+01 7.698965262424707134e+01
1.239661536693659905e+01 7.687277938149159695e+01
1.262208206432437585e+01 7.675036095306624873e+01
1.284449050874662390e+01 7.662247042527464203e+01
1.306370791781635887e+01 7.648918415137571003e+01
1.327960341426014068e+01 7.635058170599901928e+01
1.349204810405425192e+01 7.620674583763711496e+01
1.370091515337696109e+01 7.605776241924313297e+01
1.390607986433106369e+01 7.590372039696269724e+01
1.410741974939096366e+01 7.574471173703145155e+01
1.430481460453058062e+01 7.558083137086897807e+01
1.449814658098699560e+01 7.541217713840325132e+01
1.468730025561894870e+01 7.523884972965804252e+01
1.487216269981690075e+01 7.506095262463870199e+01
1.505262354692354165e+01 7.487859203155271359e+01
1.522857505812494239e+01 7.469187682340114520e+01
1.539991218677280571e+01 7.450091847297939296e+01
1.556653264109970003e+01 7.430583098632527594e+01
1.572833694528905291e+01 7.410673083465546540e+01
1.588522849886428290e+01 7.390373688482974046e+01
1.603711363436148218e+01 7.369697032838480766e+01
1.618390167325060602e+01 7.348655460918061522e+01
1.632550498007241657e+01 7.327261534970197943e+01
1.646183901475865241e+01 7.305528027605927832e+01
1.659282238310430557e+01 7.283467914173326108e+01
1.671837688536151489e+01 7.261094365010958995e+01
1.683842756292634135e+01 7.238420737584951326e+01
1.695290274309075684e+01 7.215460568514265560e+01
1.706173408183257578e+01 7.192227565489091035e+01
1.716485660461832907e+01 7.168735599087062837e+01
1.726220874519435355e+01 7.144998694492235813e+01
1.735373238234305049e+01 7.121031023121784642e+01
1.743937287458252783e+01 7.096846894165359743e+01
1.751907909278862263e+01 7.072460746042213486e+01
1.759280345072005503e+01 7.047887137781174260e+01
1.766050193342841013e+01 7.023140740328594234e+01
1.772213412353589845e+01 6.998236327789510369e+01
1.777766322536540500e+01 6.973188768607202803e+01
1.782705608690826438e+01 6.948013016686412868e+01
1.787028321961666322e+01 6.922724102465565466e+01
1.790731881600890318e+01 6.897337123943300696e+01
1.793814076507702637e+01 6.871867237664646666e+01
1.796273066548750919e+01 6.846329649672256323e+01
1.798107383656725133e+01 6.820739606428084301e+01
1.799315932706821997e+01 6.795112385710947933e+01
1.799897992170559036e+01 6.769463287495381110e+01
1.799853214546540769e+01 6.743807624817219448e+01
1.799181626567923331e+01 6.718160714631426345e+01
1.797883629186456744e+01 6.692537868667544387e+01
1.795959997333104141e+01 6.666954384288281688e+01
1.793411879455397440e+01 6.641425535356681564e+01
1.790240796831787407e+01 6.615966563117304133e+01
1.786448642663408748e+01 6.590592667096898083e+01
1.782037680943803437e+01 6.565318996029968446e+01
1.777010545107267703e+01 6.540160638814677441e+01
1.771370236456638025e+01 6.515132615504457192e+01
1.765120122371452993e+01 6.490249868340740136e+01
1.758263934297561448e+01 6.465527252832131921e+01
1.750805765519366375e+01 6.440979528885358718e+01
1.742750068716054201e+01 6.416621351993308053e+01
1.734101653303256896e+01 6.392467264485416223e+01
1.724865682561731006e+01 6.368531686845578577e+01
1.715047670554768189e+01 6.344828909102825776e+01
1.704653478836192448e+01 6.321373082299899693e+01
1.693689312950895598e+01 6.298178210044790148e+01
1.682161718729992828e+01 6.275258140150279473e+01
1.670077578382828065e+01 6.252626556366522692e+01
1.657444106388161487e+01 6.230296970211576735e+01
1.644268845186972072e+01 6.208282712904741629e+01
1.630559660679466560e+01 6.186596927407544655e+01
1.616324737528981004e+01 6.165252560577138041e+01
1.601572574275564875e+01 6.144262355436747924e+01
1.586311978262177469e+01 6.123638843567829326e+01
1.570552060376531145e+01 6.103394337628467525e+01
1.556251171263576616e+01 6.085892608267199932e+01
1.554861999730331767e+01 6.084210401552849845e+01
1.529388671524974619e+01 6.053638742848944787e+01
1.504684475474199346e+01 6.023563362356544815e+01
1.480190845507032193e+01 5.993316248356867959e+01
1.455908975408443062e+01 5.962898875051580916e+01
1.431840048642527563e+01 5.932312724940548065e+01
1.407985238294812369e+01 5.901559288749567145e+01
1.384345707015104487e+01 5.870640065357738990e+01
1.360922606960812864e+01 5.839556561724393902e+01
1.337717079740779980e+01 5.808310292815636444e+01
1.314730256359667671e+01 5.776902781530536402e+01
1.291963257162820966e+01 5.745335558626888428e+01
1.269417191781658438e+01 5.713610162646597246e+01
1.247093159079600255e+01 5.681728139840707570e+01
1.224992247098506226e+01 5.649691044094031156e+01
1.203115533005642490e+01 5.617500436849412893e+01
1.181464083041195678e+01 5.585157887031643753e+01
1.160038952466291029e+01 5.552664970970970160e+01
1.138841185511559218e+01 5.520023272326272945e+01
1.117871815326267182e+01 5.487234382007908806e+01
1.097131863927926076e+01 5.454299898100118327e+01
1.076622342152511891e+01 5.421221425783194547e+01
1.056344249605174923e+01 5.388000577255198920e+01
1.036298574611546108e+01 5.354638971653437096e+01
1.016486294169540017e+01 5.321138234975488501e+01
9.969083739017555956e+00 5.287500000000002132e+01
9.775657680084037793e+00 5.253725906207086638e+01
9.584594192208115260e+00 5.219817599698436084e+01
9.395902587554612495e+00 5.185776733117063486e+01
9.209592062686139613e+00 5.151604965566785665e+01
9.025671698114841490e+00 5.117303962531344297e+01
8.844150457859795367e+00 5.082875395793230666e+01
8.665037189010162066e+00 5.048320943352219103e+01
8.488340621294010901e+00 5.013642289343577829e+01
8.314069366652747206e+00 4.978841123955972847e+01
8.142231918821440928e+00 4.943919143349106804e+01
7.972836652914904398e+00 4.908878049571051605e+01
7.805891825019420693e+00 4.873719550475282603e+01
7.641405571790352624e+00 4.838445359637439935e+01
7.479385910055635023e+00 4.803057196271821994e+01
7.319840736425001104e+00 4.767556785147586140e+01
7.162777826905143641e+00 4.731945856504690084e+01
7.008204836520686598e+00 4.696226145969554722e+01
6.856129298941105787e+00 4.660399394470476153e+01
6.706558626113546140e+00 4.624467348152779067e+01
6.559500107901603982e+00 4.588431758293710061e+01
6.414960911729980175e+00 4.552294381217079433e+01
6.272948082235200395e+00 4.516056978207667072e+01
6.133468540922201839e+00 4.479721315425366157e+01
5.996529085827051020e+00 4.443289163819120091e+01
5.862136391185602591e+00 4.406762299040602215e+01
5.730297007108205776e+00 4.370142501357671705e+01
5.601017359260438866e+00 4.333431555567604931e+01
5.474303748549939286e+00 4.296631250910101585e+01
5.350162350819317680e+00 4.259743380980095395e+01
5.228599216545192441e+00 4.222769743640333218e+01
5.109620270543210552e+00 4.185712140933728165e+01
4.993231311679339868e+00 4.148572378995560683e+01
4.879438012587254292e+00 4.111352267965429519e+01
4.768245919391786991e+00 4.074053621899034283e+01
4.659660451438719875e+00 4.036678258679771147e+01
4.553686901030564727e+00 3.999227999930108268e+01
4.450330433168633526e+00 3.961704670922819815e+01
4.349596085301387305e+00 3.924110100492033126e+01
4.251488767078816622e+00 3.886446120944065541e+01
4.156013260113192942e+00 3.848714567968146838e+01
4.063174217746046146e+00 3.810917280546939168e+01
3.972976164821312217e+00 3.773056100866906348e+01
3.885423497464851383e+00 3.735132874228531108e+01
3.800520482870137773e+00 3.697149448956377427e+01
3.718271259090336400e+00 3.659107676309008639e+01
3.638679834836564986e+00 3.621009410388752059e+01
3.561750089282572862e+00 3.582856508051345656e+01
3.487485771875604712e+00 3.544650828815414911e+01
3.415890502153740904e+00 3.506394234771874352e+01
3.346967769569402229e+00 3.468088590493136536e+01
3.280720933319352106e+00 3.429735762942271293e+01
3.217153222180924477e+00 3.391337621381980227e+01
3.156267734354682553e+00 3.352896037283516506e+01
3.098067437313412054e+00 3.314412884235448331e+01
3.042555167657456927e+00 3.275890037852364856e+01
2.989733630976549872e+00 3.237329375683459176e+01
2.939605401717863220e+00 3.198732777120997639e+01
2.892172923060564393e+00 3.160102123308743671e+01
2.847438506796752922e+00 3.121439297050267214e+01
2.805404333218764812e+00 3.082746182717168892e+01
2.766072451012908218e+00 3.044024666157259418e+01
2.729444777159656166e+00 3.005276634602625663e+01
2.695523096840130250e+00 2.966503976577660140e+01
2.664309063349200368e+00 2.927708581807016586e+01
2.635804198014800370e+00 2.888892341123499463e+01
2.610009890123860199e+00 2.850057146375921135e+01
2.586927396854554750e+00 2.811204890336889761e+01
2.566557843215055534e+00 2.772337466610547096e+01
2.548902221988647909e+00 2.733456769540287112e+01
2.533961393685409735e+00 2.694564694116444414e+01
2.521736086500247165e+00 2.655663135883898462e+01
2.512226896277364396e+00 2.616753990849715450e+01
2.505434286481292183e+00 2.577839155390737602e+01
2.501358588174246389e+00 2.538920526161135882e+01
2.499984769144475649e+00 2.499127337146191152e+01
2.500000000000000000e+00 2.500000000000000000e+01
2.500000000000000000e+00 2.475000000000000000e+01
2.500000000000000000e+00 2.450000000000000000e+01
2.500000000000000000e+00 2.425000000000000000e+01
2.500000000000000000e+00 2.400000000000000000e+01
2.500000000000000000e+00 2.375000000000000000e+01
2.500000000000000000e+00 2.350000000000000000e+01
2.500000000000000000e+00 2.325000000000000000e+01
2.500000000000000000e+00 2.300000000000000000e+01
2.500000000000000000e+00 2.275000000000000000e+01
2.500000000000000000e+00 2.250000000000000000e+01
2.500000000000000000e+00 2.225000000000000000e+01
2.500000000000000000e+00 2.200000000000000000e+01
2.500000000000000000e+00 2.175000000000000000e+01
2.500000000000000000e+00 2.150000000000000000e+01
2.500000000000000000e+00 2.125000000000000000e+01
2.500000000000000000e+00 2.100000000000000000e+01
2.500000000000000000e+00 2.075000000000000000e+01
2.500000000000000000e+00 2.050000000000000000e+01
2.500000000000000000e+00 2.025000000000000000e+01
2.500000000000000000e+00 2.000000000000000000e+01
2.500000000000000000e+00 1.975000000000000000e+01
2.500000000000000000e+00 1.950000000000000000e+01
2.500000000000000000e+00 1.925000000000000000e+01
2.500000000000000000e+00 1.900000000000000000e+01
2.500000000000000000e+00 1.875000000000000000e+01
2.500000000000000000e+00 1.850000000000000000e+01
2.500000000000000000e+00 1.825000000000000000e+01
2.500000000000000000e+00 1.800000000000000000e+01
2.500000000000000000e+00 1.775000000000000000e+01
2.500000000000000000e+00 1.750000000000000000e+01
2.500000000000000000e+00 1.725000000000000000e+01
2.500000000000000000e+00 1.700000000000000000e+01
2.500000000000000000e+00 1.675000000000000000e+01
2.500000000000000000e+00 1.650000000000000000e+01
2.500000000000000000e+00 1.625000000000000000e+01
2.500000000000000000e+00 1.600000000000000000e+01
2.500000000000000000e+00 1.575000000000000000e+01
2.500000000000000000e+00 1.550000000000000000e+01
2.500000000000000000e+00 1.525000000000000000e+01
2.500000000000000000e+00 1.500000000000000000e+01
2.500000000000000000e+00 1.475000000000000000e+01
2.500000000000000000e+00 1.449999999999999822e+01
2.500000000000000000e+00 1.425000000000000178e+01
2.500000000000000000e+00 1.400000000000000178e+01
2.500000000000000000e+00 1.375000000000000178e+01
2.500000000000000000e+00 1.350000000000000000e+01
2.500000000000000000e+00 1.325000000000000000e+01
2.500000000000000000e+00 1.300000000000000000e+01
2.500000000000000000e+00 1.275000000000000000e+01
2.500000000000000000e+00 1.250000000000000000e+01
2.500000000000000000e+00 1.225000000000000000e+01
2.500000000000000000e+00 1.200000000000000000e+01
2.500000000000000000e+00 1.175000000000000000e+01
2.500000000000000000e+00 1.150000000000000000e+01
2.500000000000000000e+00 1.125000000000000000e+01
2.500000000000000000e+00 1.100000000000000000e+01
2.500000000000000000e+00 1.075000000000000000e+01
2.500000000000000000e+00 1.050000000000000000e+01
2.500000000000000000e+00 1.025000000000000000e+01
2.500000000000000000e+00 1.000000000000000000e+01
2.500000000000000000e+00 9.750000000000000000e+00
2.500000000000000000e+00 9.500000000000000000e+00
2.500000000000000000e+00 9.250000000000000000e+00
2.500000000000000000e+00 9.000000000000000000e+00
2.500000000000000000e+00 8.750000000000000000e+00
2.500000000000000000e+00 8.500000000000000000e+00
2.500000000000000000e+00 8.250000000000000000e+00
2.500000000000000000e+00 8.000000000000000000e+00
2.500000000000000000e+00 7.750000000000000000e+00
2.500000000000000000e+00 7.500000000000000000e+00
2.500000000000000000e+00 7.249999999999999112e+00
2.500000000000000000e+00 7.000000000000000888e+00
2.500000000000000000e+00 6.750000000000000000e+00
2.500000000000000000e+00 6.500000000000000000e+00
2.500000000000000000e+00 6.250000000000000000e+00
2.500000000000000000e+00 6.000000000000000000e+00
2.500000000000000000e+00 5.750000000000000000e+00
2.500000000000000000e+00 5.500000000000000000e+00
2.500000000000000000e+00 5.250000000000000000e+00
2.500000000000000000e+00 5.000000000000000000e+00
2.500000000000000000e+00 4.750000000000000000e+00
2.500000000000000000e+00 4.500000000000000000e+00
2.500000000000000000e+00 4.250000000000000000e+00
2.500000000000000000e+00 4.000000000000000000e+00
2.500000000000000000e+00 3.750000000000000000e+00
2.500000000000000000e+00 3.500000000000000444e+00
2.500000000000000000e+00 3.250000000000000000e+00
2.500000000000000000e+00 3.000000000000000000e+00
2.500000000000000000e+00 2.750000000000000000e+00
2.500000000000000000e+00 2.500000000000000000e+00
2.500000000000000000e+00 2.250000000000000000e+00
2.500000000000000000e+00 2.000000000000000000e+00
2.500000000000000000e+00 1.750000000000000222e+00
2.500000000000000000e+00 1.500000000000000000e+00
2.500000000000000000e+00 1.250000000000000000e+00
2.500000000000000000e+00 1.000000000000000000e+00
2.500000000000000000e+00 7.500000000000000000e-01
2.500000000000000000e+00 5.000000000000000000e-01
2.500000000000000000e+00 2.500000000000000000e-01
2.500000000000000000e+00 0.000000000000000000e+00
